"Influenced" dataset:
2097.07 231.60 0 
2021.91 232.38 0
2,088.81 240.97 0
2,095.03 244.99 0
2088.83 242.2 0
1827.36 231.96 0
1892.56 200.95 1
1727.62 212.65 0
1797.83 219.62 0
1752.64 222.42 0
1900.16 22.75 1
2000.22 218.59 1
1900.80 213.26 1
1823.76 214.36 0
1787.02 215.23 0
1736.38 210.39 0
1,772.26 216.51 0
1759.73 223.72 0
1616.11 202.47 0
1632.98 216.23 0
1567.70 219.66 0
1510.45 215.81 0
1455.60 206.19 0
1439.06 207.82 0
1451.09 200.39 0
1515.76 204.03 0
1581.21 214.25 0
1639.43 228.91 0
1575.57 213.02 0
1504.63 208.90 0
1498.37 212.48 0
1600.95 205.01 1
1650.21 201.30 1
1516.85 202.88 0
1539.01 213.67 0
1469.93 206.26 0
1362.54 196.33 0
1424.64 195.15 0
1412.92 187.74 0
1440.02 187.2 0

Original:
Date	AAPL	MSFT	GOOG	U:ORACLE
May 16, 2021	125,43	245,17	2294,13	79,03
May 09, 2021	127,45	248,15	2278,38	78,89
May 02, 2021	130,21	252,46	2351,93	80,4
Apr 25, 2021	131,46	252,18	2353,5	75,79
Apr 18, 2021	134,32	261,15	2299,93	74,97
Apr 11, 2021	134,16	260,74	2282,75	78,95
Apr 04, 2021	133	255,85	2270,67	75,58
Mar 28, 2021	123	242,35	2129,78	71,81
Mar 21, 2021	121,21	236,48	2024,73	70,25
Mar 14, 2021	119,99	230,35	2026,96	66,26
Mar 07, 2021	121,03	235,75	2050	67,16
Feb 28, 2021	121,42	231,6	2097,07	69,97
Feb 21, 2021	121,26	232,38	2021,91	664,51
Feb 14, 2021	129,87	240,97	2088,81	61,13
Feb 07, 2021	135,37	244,99	2095,03	63,08
Jan 31, 2021	136,76	242,2	2008,83	63,6
Jan 24, 2021	131,96	231,96	1827,36	60,43
Jan 17, 2021	139,07	225,95	1892,56	60,36
Jan 10, 2021	127,14	212,65	1727,62	61,78
Jan 03, 2021	132,05	219,62	1797,83	63,38
